[Symbol 1]
Typ=3
Group=1
Col=1
Zoom=1
Size=103
Art=1
Punkte=64
XKoord0=11.03897199
YKoord0=49.17705600
XKoord1=11.03827800
YKoord1=49.17699998
XKoord2=11.03761100
YKoord2=49.17688900
XKoord3=11.03694400
YKoord3=49.17677798
XKoord4=11.03625000
YKoord4=49.17663900
XKoord5=11.03558300
YKoord5=49.17649999
XKoord6=11.03494399
YKoord6=49.17630599
XKoord7=11.03419399
YKoord7=49.17619400
XKoord8=11.03347199
YKoord8=49.17611098
XKoord9=11.03272199
YKoord9=49.17605600
XKoord10=11.03200000
YKoord10=49.17605600
XKoord11=11.03127800
YKoord11=49.17602800
XKoord12=11.03055600
YKoord12=49.17602800
XKoord13=11.02983300
YKoord13=49.17608298
XKoord14=11.02911100
YKoord14=49.17611098
XKoord15=11.02838900
YKoord15=49.17616698
XKoord16=11.02769400
YKoord16=49.17625000
XKoord17=11.02694400
YKoord17=49.17630599
XKoord18=11.02622200
YKoord18=49.17633298
XKoord19=11.02547200
YKoord19=49.17630599
XKoord20=11.02477799
YKoord20=49.17625000
XKoord21=11.02405599
YKoord21=49.17619400
XKoord22=11.02336099
YKoord22=49.17602800
XKoord23=11.02269399
YKoord23=49.17591698
XKoord24=11.02208300
YKoord24=49.17569400
XKoord25=11.02147199
YKoord25=49.17547198
XKoord26=11.02091700
YKoord26=49.17519398
XKoord27=11.02033300
YKoord27=49.17491700
XKoord28=11.01986100
YKoord28=49.17455600
XKoord29=11.01941700
YKoord29=49.17416699
XKoord30=11.01897199
YKoord30=49.17380598
XKoord31=11.01863900
YKoord31=49.17338900
XKoord32=11.01838900
YKoord32=49.17291698
XKoord33=11.01813899
YKoord33=49.17247198
XKoord34=11.01780600
YKoord34=49.17202798
XKoord35=11.01738899
YKoord35=49.17163898
XKoord36=11.01697200
YKoord36=49.17127800
XKoord37=11.01630600
YKoord37=49.17094398
XKoord38=11.01569399
YKoord38=49.17063900
XKoord39=11.01500000
YKoord39=49.17044400
XKoord40=11.01433300
YKoord40=49.17033298
XKoord41=11.01363899
YKoord41=49.17022200
XKoord42=11.01294399
YKoord42=49.17013898
XKoord43=11.01230600
YKoord43=49.16997200
XKoord44=11.01161100
YKoord44=49.16983299
XKoord45=11.01088900
YKoord45=49.16969398
XKoord46=11.01016699
YKoord46=49.16955600
XKoord47=11.00949999
YKoord47=49.16941700
XKoord48=11.00880599
YKoord48=49.16930598
XKoord49=11.00808299
YKoord49=49.16919398
XKoord50=11.00761100
YKoord50=49.16955600
XKoord51=11.00747199
YKoord51=49.17000000
XKoord52=11.00738899
YKoord52=49.17049999
XKoord53=11.00730599
YKoord53=49.17097198
XKoord54=11.00727799
YKoord54=49.17144400
XKoord55=11.00725000
YKoord55=49.17194400
XKoord56=11.00758300
YKoord56=49.17236100
XKoord57=11.00827800
YKoord57=49.17230598
XKoord58=11.00897198
YKoord58=49.17219398
XKoord59=11.00969399
YKoord59=49.17213900
XKoord60=11.01044399
YKoord60=49.17216700
XKoord61=11.01116700
YKoord61=49.17222198
XKoord62=11.01191700
YKoord62=49.17224998
XKoord63=11.01266700
YKoord63=49.17219398
[Symbol 2]
Typ=2
Group=1
Col=1
Area=2
Zoom=1
Size=125
Font=1
Dir=100
XKoord=11.02827800
YKoord=49.21936098
Text=20-7-07-4.;
[Symbol 3]
Typ=3
Group=1
Col=1
Zoom=1
Size=103
Art=1
Punkte=1
XKoord0=11.02827800
YKoord0=49.21936098
[Overlay]
Symbols=3
[MapLage]
MapName=Top. Karte 1:50.000 Bayern-Nord
DimmFc=100
ZoomFc=100
CenterLat=49.17221480
CenterLong=11.00884286
RefOn=1
RefLat=49.17199800
RefLong=10.98578200
